========== TRAINING 1 ENDED ==========
20000 steps were taken to complete the training
The agent won the game 6 times
Average wins per episode: 0.06
43454 Total loss until the end of training
Average loss per episode: 434.54
List of state repeats per episode [1-100] - max(200)
 [106, 31, 114, 116, 99, 108, 89, 116, 126, 100, 99, 45, 100, 115, 98, 100, 89, 116, 121, 120, 112, 113, 69, 51, 95, 64, 114, 100, 103, 105, 93, 119, 116, 94, 103, 91, 94, 104, 118, 99, 106, 107, 102, 92, 95, 96, 113, 117, 90, 109, 106, 104, 91, 100, 89, 100, 93, 98, 41, 105, 97, 120, 96, 100, 105, 130, 98, 107, 112, 102, 102, 95, 104, 106, 116, 116, 113, 111, 104, 94, 108, 108, 123, 93, 102, 95, 112, 99, 106, 94, 97, 108, 89, 113, 115, 94, 107, 113, 101, 117]

========== TRAINING 2 ENDED ==========
20000 steps were taken to complete the training
The agent won the game 6 times
Average wins per episode: 0.06
45866 Total loss until the end of training
Average loss per episode: 458.66
List of state repeats per episode [1-100] - max(200)
 [86, 109, 99, 105, 110, 96, 105, 83, 101, 115, 105, 109, 105, 120, 112, 120, 99, 114, 106, 113, 101, 94, 94, 113, 115, 98, 105, 100, 88, 109, 95, 105, 120, 63, 102, 102, 84, 94, 132, 115, 103, 97, 103, 104, 114, 89, 122, 107, 110, 96, 97, 111, 104, 108, 107, 115, 47, 103, 119, 110, 106, 95, 116, 80, 101, 103, 112, 50, 106, 128, 115, 112, 92, 103, 96, 91, 75, 95, 121, 86, 113, 94, 96, 97, 107, 108, 117, 100, 107, 113, 116, 102, 127, 96, 98, 90, 102, 93, 106, 107]

========== TRAINING 3 ENDED ==========
20000 steps were taken to complete the training
The agent won the game 3 times
Average wins per episode: 0.03
44487 Total loss until the end of training
Average loss per episode: 444.87
List of state repeats per episode [1-100] - max(200)
 [106, 101, 90, 113, 106, 111, 114, 102, 124, 110, 99, 95, 110, 98, 63, 120, 115, 107, 108, 97, 110, 103, 101, 92, 124, 91, 109, 92, 106, 63, 112, 103, 81, 109, 102, 109, 110, 104, 116, 98, 104, 109, 89, 98, 104, 109, 102, 113, 113, 95, 114, 128, 84, 82, 114, 17, 102, 99, 106, 95, 105, 97, 101, 110, 96, 111, 113, 94, 101, 121, 96, 111, 128, 116, 108, 98, 95, 106, 104, 105, 128, 117, 114, 85, 116, 114, 93, 108, 96, 99, 85, 103, 100, 111, 95, 107, 101, 108, 107, 103]

========== TRAINING 4 ENDED ==========
20000 steps were taken to complete the training
The agent won the game 4 times
Average wins per episode: 0.04
43319 Total loss until the end of training
Average loss per episode: 433.19
List of state repeats per episode [1-100] - max(200)
 [109, 103, 115, 113, 119, 105, 106, 106, 37, 45, 97, 80, 107, 100, 117, 115, 100, 115, 136, 95, 85, 100, 100, 106, 102, 102, 87, 94, 128, 98, 126, 111, 113, 91, 100, 95, 122, 106, 114, 118, 96, 95, 117, 47, 101, 107, 103, 130, 96, 114, 125, 107, 98, 101, 93, 96, 110, 93, 99, 48, 110, 114, 122, 105, 116, 109, 99, 91, 112, 99, 92, 107, 100, 95, 106, 94, 103, 103, 105, 110, 99, 110, 101, 87, 86, 104, 96, 97, 110, 107, 113, 106, 100, 116, 104, 111, 95, 122, 94, 103]

========== TRAINING 5 ENDED ==========
20000 steps were taken to complete the training
The agent won the game 9 times
Average wins per episode: 0.09
43046 Total loss until the end of training
Average loss per episode: 430.46
List of state repeats per episode [1-100] - max(200)
 [106, 56, 104, 122, 98, 96, 96, 111, 126, 116, 103, 108, 88, 96, 101, 100, 119, 98, 95, 113, 102, 99, 108, 50, 103, 107, 92, 89, 104, 104, 117, 101, 111, 96, 108, 53, 118, 39, 107, 105, 120, 91, 129, 111, 100, 101, 100, 91, 94, 108, 37, 95, 84, 109, 114, 119, 98, 93, 110, 97, 109, 101, 115, 88, 100, 107, 86, 115, 99, 94, 114, 132, 127, 110, 104, 112, 102, 106, 101, 90, 105, 95, 105, 101, 106, 106, 90, 88, 66, 34, 89, 106, 102, 102, 104, 144, 84, 96, 103, 92]

========== TRAINING 6 ENDED ==========
20000 steps were taken to complete the training
The agent won the game 6 times
Average wins per episode: 0.06
43923 Total loss until the end of training
Average loss per episode: 439.23
List of state repeats per episode [1-100] - max(200)
 [107, 106, 100, 99, 93, 112, 91, 125, 100, 84, 101, 100, 95, 87, 111, 101, 95, 114, 100, 102, 129, 117, 78, 111, 116, 108, 120, 102, 109, 109, 111, 111, 112, 96, 89, 91, 107, 97, 111, 102, 101, 97, 103, 114, 104, 107, 98, 113, 109, 109, 96, 94, 139, 98, 113, 102, 97, 117, 96, 120, 104, 120, 108, 86, 102, 111, 96, 100, 106, 109, 107, 109, 103, 98, 98, 109, 120, 67, 74, 108, 108, 111, 111, 96, 104, 103, 111, 101, 27, 105, 88, 72, 104, 96, 116, 87, 72, 101, 117, 109]

========== TRAINING 7 ENDED ==========
20000 steps were taken to complete the training
The agent won the game 6 times
Average wins per episode: 0.06
44436 Total loss until the end of training
Average loss per episode: 444.36
List of state repeats per episode [1-100] - max(200)
 [104, 102, 94, 60, 92, 120, 101, 29, 105, 71, 108, 103, 105, 90, 101, 122, 118, 87, 107, 106, 23, 107, 102, 101, 107, 120, 96, 96, 107, 103, 90, 117, 97, 131, 111, 99, 100, 105, 106, 104, 101, 111, 130, 103, 98, 123, 111, 116, 111, 113, 111, 101, 105, 102, 107, 99, 102, 101, 112, 109, 104, 98, 102, 123, 109, 102, 103, 120, 91, 105, 131, 106, 106, 85, 102, 111, 113, 104, 107, 109, 116, 112, 99, 136, 103, 111, 98, 107, 95, 95, 105, 137, 100, 97, 39, 112, 120, 91, 102, 99]

========== TRAINING 8 ENDED ==========
20000 steps were taken to complete the training
The agent won the game 4 times
Average wins per episode: 0.04
45053 Total loss until the end of training
Average loss per episode: 450.53
List of state repeats per episode [1-100] - max(200)
 [107, 100, 109, 114, 100, 93, 97, 104, 99, 91, 107, 95, 124, 110, 104, 108, 35, 96, 109, 106, 112, 111, 88, 62, 93, 108, 85, 109, 111, 100, 101, 90, 103, 117, 102, 93, 107, 98, 99, 102, 117, 99, 107, 110, 105, 101, 96, 98, 89, 100, 108, 109, 108, 134, 106, 94, 118, 95, 88, 90, 108, 107, 118, 101, 116, 101, 119, 91, 107, 100, 95, 117, 114, 87, 108, 111, 104, 98, 135, 111, 92, 125, 95, 139, 109, 114, 94, 112, 106, 113, 101, 115, 99, 110, 105, 111, 90, 101, 95, 91]

========== TRAINING 9 ENDED ==========
20000 steps were taken to complete the training
The agent won the game 4 times
Average wins per episode: 0.04
44296 Total loss until the end of training
Average loss per episode: 442.96
List of state repeats per episode [1-100] - max(200)
 [104, 108, 105, 102, 106, 110, 83, 89, 98, 114, 109, 108, 101, 103, 116, 88, 106, 114, 90, 102, 101, 98, 94, 98, 104, 92, 67, 111, 132, 108, 101, 122, 120, 97, 90, 87, 112, 94, 90, 94, 113, 107, 85, 110, 79, 88, 118, 94, 89, 99, 107, 94, 92, 81, 105, 97, 101, 98, 109, 90, 95, 106, 103, 105, 96, 97, 79, 120, 106, 107, 106, 99, 120, 105, 94, 113, 113, 99, 118, 118, 113, 103, 122, 19, 91, 111, 117, 107, 101, 106, 89, 111, 104, 104, 104, 106, 98, 97, 106, 102]

========== TRAINING 10 ENDED ==========
20000 steps were taken to complete the training
The agent won the game 4 times
Average wins per episode: 0.04
44406 Total loss until the end of training
Average loss per episode: 444.06
List of state repeats per episode [1-100] - max(200)
 [105, 78, 121, 112, 95, 103, 103, 104, 81, 106, 103, 105, 103, 102, 105, 108, 97, 123, 106, 106, 105, 104, 110, 106, 123, 98, 97, 85, 100, 110, 91, 102, 97, 93, 31, 97, 110, 102, 107, 112, 93, 106, 95, 121, 127, 127, 102, 99, 106, 107, 98, 93, 100, 98, 94, 96, 115, 96, 117, 114, 102, 125, 125, 108, 109, 93, 108, 101, 115, 103, 116, 105, 137, 96, 110, 97, 95, 94, 96, 92, 81, 108, 106, 90, 102, 97, 106, 108, 97, 128, 113, 117, 100, 123, 24, 90, 143, 102, 98, 77]

